--- Running (Engine Host) ---
[Main] Using GpuExecutor generic executor.
---------------------------------------------------
======================RESULT=======================
---------------------------------------------------
c_count|c_count|custdist|custdist|#1|c_count|
0|0|50004.00|50004.00|0.00|0.00|
1092616192|1092616192|6577.00|6577.00|10.00|10.00|
1091567616|1091567616|6538.00|6538.00|9.00|9.00|
1093664768|1093664768|6021.00|6021.00|11.00|11.00|
1090519040|1090519040|5761.00|5761.00|8.00|8.00|
1094713344|1094713344|5645.00|5645.00|12.00|12.00|
1095761920|1095761920|5018.00|5018.00|13.00|13.00|
1100480512|1100480512|4753.00|4753.00|19.00|19.00|
1101004800|1101004800|4541.00|4541.00|20.00|20.00|
1088421888|1088421888|4512.00|4512.00|7.00|7.00|
1099431936|1099431936|4484.00|4484.00|17.00|17.00|
1096810496|1096810496|4452.00|4452.00|14.00|14.00|
1097859072|1097859072|4450.00|4450.00|15.00|15.00|
1099956224|1099956224|4437.00|4437.00|18.00|18.00|
1101529088|1101529088|4277.00|4277.00|21.00|21.00|
1098907648|1098907648|4261.00|4261.00|16.00|16.00|
1102053376|1102053376|3791.00|3791.00|22.00|22.00|
1102577664|1102577664|3286.00|3286.00|23.00|23.00|
1086324736|1086324736|3160.00|3160.00|6.00|6.00|
1103101952|1103101952|2794.00|2794.00|24.00|24.00|
1103626240|1103626240|2225.00|2225.00|25.00|25.00|
1084227584|1084227584|1849.00|1849.00|5.00|5.00|
1104150528|1104150528|1728.00|1728.00|26.00|26.00|
1104674816|1104674816|1283.00|1283.00|27.00|27.00|
1105199104|1105199104|954.00|954.00|28.00|28.00|
1082130432|1082130432|953.00|953.00|4.00|4.00|
1105723392|1105723392|656.00|656.00|29.00|29.00|
1106247680|1106247680|427.00|427.00|30.00|30.00|
1077936128|1077936128|374.00|374.00|3.00|3.00|
1106771968|1106771968|266.00|266.00|31.00|31.00|
1107296256|1107296256|157.00|157.00|32.00|32.00|
1073741824|1073741824|123.00|123.00|2.00|2.00|
1107558400|1107558400|89.00|89.00|33.00|33.00|
1107820544|1107820544|57.00|57.00|34.00|34.00|
1108082688|1108082688|36.00|36.00|35.00|35.00|
1108344832|1108344832|22.00|22.00|36.00|36.00|
1065353216|1065353216|17.00|17.00|1.00|1.00|
1108606976|1108606976|9.00|9.00|37.00|37.00|
1108869120|1108869120|5.00|5.00|38.00|38.00|
1109655552|1109655552|3.00|3.00|41.00|41.00|
1109393408|1109393408|3.00|3.00|40.00|40.00|
1109131264|1109131264|2.00|2.00|39.00|39.00|
---------------------------------------------------
Planning time: 18.81 ms
Data Load Time (Disk+Upload): 2071.49 ms
GPU kernels time: 17.47 ms
CPU postprocess time: 214.48 ms
Total Internal Pipeline time: 2303.43 ms
Total Host Execution time: 2325.63 ms
Total Wall time (Plan+Exec): 2344.44 ms
---------------------------------------------------
GPU Kernel Timing Summary:
─────────────────────────────────────────
  groupby        :   15.785 ms (90.371%) [6 calls]
  hash_join_probe_u32:    1.245 ms (7.126%) [1 calls]
  sort           :    0.437 ms (2.503%) [2 calls]
─────────────────────────────────────────
  TOTAL GPU TIME: 17.467 ms
  Kernel invocations: 9
