--- Running (Engine Host) ---
[Main] Using GpuExecutor generic executor.
---------------------------------------------------
======================RESULT=======================
---------------------------------------------------
o_orderdate|o_orderdate|o_orderkey|o_orderkey|c_custkey|c_custkey|sum(l_quantity)|sum(l_quantity)|#5|o_totalprice|o_totalprice|o_totalprice|c_name|
1992-11-30|1992-11-30|1750466|1750466|21433|21433|300.00|300.00|555285.19|555285.19|555285.19|555285.19|Customer#000021433|
1994-04-07|1994-04-07|4722021|4722021|128120|128120|323.00|323.00|544089.06|544089.06|544089.06|544089.06|Customer#000128120|
1997-02-12|1997-02-12|3043270|3043270|144617|144617|317.00|317.00|530604.44|530604.44|530604.44|530604.44|Customer#000144617|
1997-12-26|1997-12-26|4576548|4576548|108931|108931|295.00|295.00|525590.56|525590.56|525590.56|525590.56|Customer#000108931|
1997-04-13|1997-04-13|2232932|2232932|13940|13940|304.00|304.00|522720.62|522720.62|522720.62|522720.62|Customer#000013940|
1992-11-07|1992-11-07|3586919|3586919|24049|24049|299.00|299.00|522644.47|522644.47|522644.47|522644.47|Customer#000024049|
1996-09-30|1996-09-30|2199712|2199712|66790|66790|327.00|327.00|515531.81|515531.81|515531.81|515531.81|Customer#000066790|
1992-10-08|1992-10-08|2185667|2185667|51796|51796|286.00|286.00|511359.88|511359.88|511359.88|511359.88|Customer#000051796|
1993-11-02|1993-11-02|4515876|4515876|100685|100685|293.00|293.00|510061.59|510061.59|510061.59|510061.59|Customer#000100685|
1992-07-18|1992-07-18|972901|972901|141100|141100|293.00|293.00|508668.53|508668.53|508668.53|508668.53|Customer#000141100|
1997-07-03|1997-07-03|4745607|4745607|46435|46435|309.00|309.00|508048.00|508048.00|508048.00|508048.00|Customer#000046435|
1992-09-19|1992-09-19|1177378|1177378|50327|50327|287.00|287.00|508010.56|508010.56|508010.56|508010.56|Customer#000050327|
1992-06-30|1992-06-30|631651|631651|8936|8936|290.00|290.00|504509.06|504509.06|504509.06|504509.06|Customer#000008936|
1995-07-27|1995-07-27|3967937|3967937|109186|109186|298.00|298.00|502906.34|502906.34|502906.34|502906.34|Customer#000109186|
1998-07-28|1998-07-28|1395745|1395745|100159|100159|297.00|297.00|502742.75|502742.75|502742.75|502742.75|Customer#000100159|
1993-07-28|1993-07-28|3883783|3883783|15272|15272|302.00|302.00|500241.34|500241.34|500241.34|500241.34|Customer#000015272|
1994-06-12|1994-06-12|3342468|3342468|146608|146608|303.00|303.00|499794.59|499794.59|499794.59|499794.59|Customer#000146608|
1995-08-15|1995-08-15|5709632|5709632|52516|52516|280.00|280.00|499753.00|499753.00|499753.00|499753.00|Customer#000052516|
1993-09-02|1993-09-02|5471879|5471879|146188|146188|292.00|292.00|499290.84|499290.84|499290.84|499290.84|Customer#000146188|
1994-06-26|1994-06-26|2474850|2474850|146612|146612|290.00|290.00|498810.25|498810.25|498810.25|498810.25|Customer#000146612|
1996-05-22|1996-05-22|2152359|2152359|56620|56620|291.00|291.00|498599.91|498599.91|498599.91|498599.91|Customer#000056620|
1994-08-13|1994-08-13|2121671|2121671|33083|33083|290.00|290.00|497529.22|497529.22|497529.22|497529.22|Customer#000033083|
1994-01-05|1994-01-05|413762|413762|144688|144688|294.00|294.00|496620.47|496620.47|496620.47|496620.47|Customer#000144688|
1994-09-08|1994-09-08|5852742|5852742|39478|39478|284.00|284.00|496241.97|496241.97|496241.97|496241.97|Customer#000039478|
1993-01-16|1993-01-16|217541|217541|4765|4765|297.00|297.00|496167.97|496167.97|496167.97|496167.97|Customer#000004765|
1992-10-25|1992-10-25|4764774|4764774|54733|54733|284.00|284.00|496139.09|496139.09|496139.09|496139.09|Customer#000054733|
1993-03-07|1993-03-07|2756705|2756705|115841|115841|293.00|293.00|495297.12|495297.12|495297.12|495297.12|Customer#000115841|
1997-11-17|1997-11-17|1672039|1672039|99446|99446|292.00|292.00|495148.47|495148.47|495148.47|495148.47|Customer#000099446|
1998-05-04|1998-05-04|3307010|3307010|100810|100810|267.00|267.00|494747.47|494747.47|494747.47|494747.47|Customer#000100810|
1992-03-16|1992-03-16|5984582|5984582|96103|96103|312.00|312.00|494398.78|494398.78|494398.78|494398.78|Customer#000096103|
1995-10-10|1995-10-10|95808|95808|1045|1045|274.00|274.00|492147.16|492147.16|492147.16|492147.16|Customer#000001045|
1993-01-14|1993-01-14|3597604|3597604|95857|95857|286.00|286.00|491820.72|491820.72|491820.72|491820.72|Customer#000095857|
1995-04-21|1995-04-21|4311651|4311651|101831|101831|267.00|267.00|491549.56|491549.56|491549.56|491549.56|Customer#000101831|
1992-11-15|1992-11-15|1474818|1474818|24341|24341|302.00|302.00|491348.25|491348.25|491348.25|491348.25|Customer#000024341|
1996-09-16|1996-09-16|2844870|2844870|111926|111926|289.00|289.00|491096.91|491096.91|491096.91|491096.91|Customer#000111926|
1992-08-11|1992-08-11|5893511|5893511|49033|49033|272.00|272.00|490806.50|490806.50|490806.50|490806.50|Customer#000049033|
1994-09-06|1994-09-06|3160673|3160673|50035|50035|295.00|295.00|490788.00|490788.00|490788.00|490788.00|Customer#000050035|
1997-08-02|1997-08-02|4676257|4676257|53809|53809|288.00|288.00|490133.06|490133.06|490133.06|490133.06|Customer#000053809|
1994-06-12|1994-06-12|869154|869154|125606|125606|295.00|295.00|489836.88|489836.88|489836.88|489836.88|Customer#000125606|
1994-10-20|1994-10-20|3052454|3052454|121546|121546|293.00|293.00|489099.53|489099.53|489099.53|489099.53|Customer#000121546|
1993-03-02|1993-03-02|3699520|3699520|42827|42827|299.00|299.00|487994.97|487994.97|487994.97|487994.97|Customer#000042827|
1994-05-01|1994-05-01|80550|80550|30805|30805|285.00|285.00|487805.00|487805.00|487805.00|487805.00|Customer#000030805|
1997-05-23|1997-05-23|5489475|5489475|137446|137446|311.00|311.00|487763.25|487763.25|487763.25|487763.25|Customer#000137446|
1993-07-12|1993-07-12|182596|182596|82174|82174|289.00|289.00|487747.91|487747.91|487747.91|487747.91|Customer#000082174|
1995-10-10|1995-10-10|2820355|2820355|139985|139985|298.00|298.00|487405.75|487405.75|487405.75|487405.75|Customer#000139985|
1997-04-01|1997-04-01|3233286|3233286|141361|141361|259.00|259.00|487207.00|487207.00|487207.00|487207.00|Customer#000141361|
1992-11-05|1992-11-05|4328516|4328516|139823|139823|293.00|293.00|487178.81|487178.81|487178.81|487178.81|Customer#000139823|
1994-11-30|1994-11-30|1775363|1775363|111574|111574|283.00|283.00|487033.38|487033.38|487033.38|487033.38|Customer#000111574|
1998-07-26|1998-07-26|3605638|3605638|5423|5423|272.00|272.00|486911.38|486911.38|486911.38|486911.38|Customer#000005423|
1994-03-16|1994-03-16|1003328|1003328|63749|63749|280.00|280.00|486417.97|486417.97|486417.97|486417.97|Customer#000063749|
1997-06-19|1997-06-19|4290499|4290499|49609|49609|294.00|294.00|486362.47|486362.47|486362.47|486362.47|Customer#000049609|
1997-12-21|1997-12-21|2000131|2000131|131099|131099|286.00|286.00|485869.94|485869.94|485869.94|485869.94|Customer#000131099|
1994-11-04|1994-11-04|4267751|4267751|107590|107590|301.00|301.00|485141.38|485141.38|485141.38|485141.38|Customer#000107590|
1996-07-18|1996-07-18|4206947|4206947|17047|17047|297.00|297.00|484188.38|484188.38|484188.38|484188.38|Customer#000017047|
1996-11-14|1996-11-14|1905157|1905157|130130|130130|287.00|287.00|483987.94|483987.94|483987.94|483987.94|Customer#000130130|
1996-12-09|1996-12-09|2366755|2366755|50008|50008|302.00|302.00|483891.25|483891.25|483891.25|483891.25|Customer#000050008|
1996-07-24|1996-07-24|3847463|3847463|53270|53270|272.00|272.00|483445.97|483445.97|483445.97|483445.97|Customer#000053270|
1998-03-26|1998-03-26|3456515|3456515|15518|15518|299.00|299.00|482781.28|482781.28|482781.28|482781.28|Customer#000015518|
1995-02-07|1995-02-07|4046689|4046689|8482|8482|294.00|294.00|482259.75|482259.75|482259.75|482259.75|Customer#000008482|
1994-11-08|1994-11-08|2704163|2704163|142052|142052|292.00|292.00|482106.44|482106.44|482106.44|482106.44|Customer#000142052|
1994-10-01|1994-10-01|4453058|4453058|44035|44035|258.00|258.00|481660.56|481660.56|481660.56|481660.56|Customer#000044035|
1998-03-29|1998-03-29|1251844|1251844|96092|96092|268.00|268.00|481351.19|481351.19|481351.19|481351.19|Customer#000096092|
1995-10-31|1995-10-31|3702855|3702855|9622|9622|283.00|283.00|481105.12|481105.12|481105.12|481105.12|Customer#000009622|
1996-08-07|1996-08-07|3767271|3767271|15619|15619|318.00|318.00|480083.97|480083.97|480083.97|480083.97|Customer#000015619|
1998-04-28|1998-04-28|1869860|1869860|47357|47357|293.00|293.00|480012.16|480012.16|480012.16|480012.16|Customer#000047357|
1993-01-30|1993-01-30|2841926|2841926|142015|142015|295.00|295.00|479758.62|479758.62|479758.62|479758.62|Customer#000142015|
1992-09-12|1992-09-12|1436544|1436544|77260|77260|307.00|307.00|479499.44|479499.44|479499.44|479499.44|Customer#000077260|
1997-03-23|1997-03-23|637575|637575|19063|19063|280.00|280.00|478750.62|478750.62|478750.62|478750.62|Customer#000019063|
1996-02-08|1996-02-08|41445|41445|6053|6053|256.00|256.00|478080.62|478080.62|478080.62|478080.62|Customer#000006053|
1996-10-10|1996-10-10|5746311|5746311|109379|109379|302.00|302.00|478064.12|478064.12|478064.12|478064.12|Customer#000109379|
1997-09-25|1997-09-25|2184164|2184164|99814|99814|287.00|287.00|477728.88|477728.88|477728.88|477728.88|Customer#000099814|
1994-04-10|1994-04-10|4928545|4928545|132893|132893|282.00|282.00|477117.69|477117.69|477117.69|477117.69|Customer#000132893|
1995-10-04|1995-10-04|2973444|2973444|107128|107128|274.00|274.00|476888.84|476888.84|476888.84|476888.84|Customer#000107128|
1994-01-27|1994-01-27|55937|55937|16586|16586|268.00|268.00|476763.16|476763.16|476763.16|476763.16|Customer#000016586|
1998-05-21|1998-05-21|3547139|3547139|14270|14270|276.00|276.00|476015.00|476015.00|476015.00|476015.00|Customer#000014270|
1992-12-26|1992-12-26|3234337|3234337|96424|96424|266.00|266.00|475530.91|475530.91|475530.91|475530.91|Customer#000096424|
1994-08-14|1994-08-14|1465408|1465408|85429|85429|271.00|271.00|475340.56|475340.56|475340.56|475340.56|Customer#000085429|
1994-01-13|1994-01-13|1975399|1975399|128458|128458|294.00|294.00|475302.84|475302.84|475302.84|475302.84|Customer#000128458|
1994-12-17|1994-12-17|809158|809158|63994|63994|294.00|294.00|474185.38|474185.38|474185.38|474185.38|Customer#000063994|
1996-10-15|1996-10-15|5997029|5997029|92464|92464|284.00|284.00|473624.19|473624.19|473624.19|473624.19|Customer#000092464|
1992-05-27|1992-05-27|3583616|3583616|59359|59359|274.00|274.00|473031.66|473031.66|473031.66|473031.66|Customer#000059359|
1996-04-19|1996-04-19|3706788|3706788|73999|73999|284.00|284.00|472981.81|472981.81|472981.81|472981.81|Customer#000073999|
1997-09-28|1997-09-28|978692|978692|25457|25457|289.00|289.00|472864.03|472864.03|472864.03|472864.03|Customer#000025457|
1996-04-03|1996-04-03|2154982|2154982|95903|95903|274.00|274.00|472752.66|472752.66|472752.66|472752.66|Customer#000095903|
1998-07-09|1998-07-09|3312576|3312576|100978|100978|285.00|285.00|472728.81|472728.81|472728.81|472728.81|Customer#000100978|
1997-06-04|1997-06-04|2894533|2894533|52873|52873|277.00|277.00|472623.97|472623.97|472623.97|472623.97|Customer#000052873|
1996-03-20|1996-03-20|3727556|3727556|9664|9664|289.00|289.00|472549.44|472549.44|472549.44|472549.44|Customer#000009664|
1992-03-27|1992-03-27|3176966|3176966|104128|104128|270.00|270.00|472529.03|472529.03|472529.03|472529.03|Customer#000104128|
1994-05-18|1994-05-18|101700|101700|147289|147289|281.00|281.00|472440.56|472440.56|472440.56|472440.56|Customer#000147289|
1995-11-27|1995-11-27|4363911|4363911|140257|140257|258.00|258.00|472284.06|472284.06|472284.06|472284.06|Customer#000140257|
1993-02-24|1993-02-24|1130240|1130240|126613|126613|262.00|262.00|472194.81|472194.81|472194.81|472194.81|Customer#000126613|
1997-04-23|1997-04-23|1805824|1805824|63985|63985|267.00|267.00|471316.25|471316.25|471316.25|471316.25|Customer#000063985|
1997-02-09|1997-02-09|5832321|5832321|54602|54602|307.00|307.00|471220.09|471220.09|471220.09|471220.09|Customer#000054602|
1994-07-13|1994-07-13|3249508|3249508|99611|99611|284.00|284.00|471103.34|471103.34|471103.34|471103.34|Customer#000099611|
1996-04-08|1996-04-08|645412|645412|49288|49288|261.00|261.00|470897.34|470897.34|470897.34|470897.34|Customer#000049288|
1998-02-12|1998-02-12|4937121|4937121|110149|110149|279.00|279.00|470709.69|470709.69|470709.69|470709.69|Customer#000110149|
1994-04-12|1994-04-12|5430977|5430977|52840|52840|263.00|263.00|470565.66|470565.66|470565.66|470565.66|Customer#000052840|
1993-11-08|1993-11-08|5619713|5619713|23815|23815|243.00|243.00|470551.34|470551.34|470551.34|470551.34|Customer#000023815|
1993-12-09|1993-12-09|2235011|2235011|76567|76567|281.00|281.00|470235.31|470235.31|470235.31|470235.31|Customer#000076567|
1997-06-06|1997-06-06|330275|330275|8011|8011|270.00|270.00|470062.62|470062.62|470062.62|470062.62|Customer#000008011|
---------------------------------------------------
Planning time: 19.27 ms
Data Load Time (Disk+Upload): 5812.51 ms
GPU kernels time: 74.12 ms
CPU postprocess time: 805.25 ms
Total Internal Pipeline time: 6691.88 ms
Total Host Execution time: 6700.77 ms
Total Wall time (Plan+Exec): 6720.04 ms
---------------------------------------------------
GPU Kernel Timing Summary:
─────────────────────────────────────────
  compact        :    0.824 ms (1.112%) [1 calls]
  filter         :    0.932 ms (1.258%) [1 calls]
  gather         :    1.565 ms (2.111%) [2 calls]
  groupby        :   57.932 ms (78.158%) [6 calls]
  hash_join_probe_u32:    4.478 ms (6.042%) [3 calls]
  sort           :    8.390 ms (11.320%) [2 calls]
─────────────────────────────────────────
  TOTAL GPU TIME: 74.122 ms
  Kernel invocations: 15
