--- Running (Engine Host) ---
[Main] Using GpuExecutor generic executor.
---------------------------------------------------
======================RESULT=======================
---------------------------------------------------
c_count|c_count|custdist|custdist|#1|c_count|
0|0|50005.00|50005.00|0.00|0.00|
1091567616|1091567616|6641.00|6641.00|9.00|9.00|
1092616192|1092616192|6532.00|6532.00|10.00|10.00|
1093664768|1093664768|6014.00|6014.00|11.00|11.00|
1090519040|1090519040|5937.00|5937.00|8.00|8.00|
1094713344|1094713344|5639.00|5639.00|12.00|12.00|
1095761920|1095761920|5024.00|5024.00|13.00|13.00|
1100480512|1100480512|4793.00|4793.00|19.00|19.00|
1088421888|1088421888|4687.00|4687.00|7.00|7.00|
1099431936|1099431936|4587.00|4587.00|17.00|17.00|
1099956224|1099956224|4529.00|4529.00|18.00|18.00|
1101004800|1101004800|4516.00|4516.00|20.00|20.00|
1097859072|1097859072|4505.00|4505.00|15.00|15.00|
1096810496|1096810496|4446.00|4446.00|14.00|14.00|
1098907648|1098907648|4273.00|4273.00|16.00|16.00|
1101529088|1101529088|4190.00|4190.00|21.00|21.00|
1102053376|1102053376|3623.00|3623.00|22.00|22.00|
1086324736|1086324736|3265.00|3265.00|6.00|6.00|
1102577664|1102577664|3225.00|3225.00|23.00|23.00|
1103101952|1103101952|2742.00|2742.00|24.00|24.00|
1103626240|1103626240|2086.00|2086.00|25.00|25.00|
1084227584|1084227584|1948.00|1948.00|5.00|5.00|
1104150528|1104150528|1612.00|1612.00|26.00|26.00|
1104674816|1104674816|1179.00|1179.00|27.00|27.00|
1082130432|1082130432|1007.00|1007.00|4.00|4.00|
1105199104|1105199104|893.00|893.00|28.00|28.00|
1105723392|1105723392|593.00|593.00|29.00|29.00|
1077936128|1077936128|415.00|415.00|3.00|3.00|
1106247680|1106247680|376.00|376.00|30.00|30.00|
1106771968|1106771968|226.00|226.00|31.00|31.00|
1107296256|1107296256|148.00|148.00|32.00|32.00|
1073741824|1073741824|134.00|134.00|2.00|2.00|
1107558400|1107558400|75.00|75.00|33.00|33.00|
1107820544|1107820544|50.00|50.00|34.00|34.00|
1108082688|1108082688|37.00|37.00|35.00|35.00|
1065353216|1065353216|17.00|17.00|1.00|1.00|
1108344832|1108344832|14.00|14.00|36.00|36.00|
1108869120|1108869120|5.00|5.00|38.00|38.00|
1108606976|1108606976|5.00|5.00|37.00|37.00|
1109393408|1109393408|4.00|4.00|40.00|40.00|
1109655552|1109655552|2.00|2.00|41.00|41.00|
1109131264|1109131264|1.00|1.00|39.00|39.00|
---------------------------------------------------
Planning time: 18.83 ms
Data Load Time (Disk+Upload): 2041.30 ms
GPU kernels time: 23.15 ms
CPU postprocess time: 252.01 ms
Total Internal Pipeline time: 2316.46 ms
Total Host Execution time: 2341.09 ms
Total Wall time (Plan+Exec): 2359.92 ms
---------------------------------------------------
GPU Kernel Timing Summary:
─────────────────────────────────────────
  compact        :    0.454 ms (1.959%) [1 calls]
  filter         :    7.447 ms (32.160%) [1 calls]
  gather         :    3.239 ms (13.990%) [3 calls]
  groupby        :   10.245 ms (44.247%) [6 calls]
  hash_join_probe_u32:    0.938 ms (4.050%) [1 calls]
  sort           :    0.832 ms (3.594%) [2 calls]
─────────────────────────────────────────
  TOTAL GPU TIME: 23.155 ms
  Kernel invocations: 14
Detailed Kernel Timings:
─────────────────────────────────────────────────────────────────
Kernel                           Time (ms)       Elements           ME/s
─────────────────────────────────────────────────────────────────
ops::filter_string_multi_cont        7.447        1500000        201.434
ops::compact_indices                 0.454        1500000       3307.607
ops::gather_col_u32                  1.313        1483918       1130.389
ops::gather_col_u32                  0.965        1483918       1538.137
ops::gather_col_u32                  0.962        1483918       1542.667
hash_join_probe_write_multi          0.938        1483918       1582.282
ops::groupby_agg_multi_key_ty        5.167        1533923        296.864
ops::ht_mark_valid                   1.080        4194304       3882.119
ops::ht_extract_compact              0.574         150000        261.476
ops::groupby_agg_multi_key_ty        2.888         150000         51.947
ops::ht_mark_valid                   0.295         524288       1777.754
ops::ht_extract_compact              0.242             42          0.174
block_sort_kv_u64                    0.000             42          0.000
orderby_gpu_gather                   0.832            252          0.303
─────────────────────────────────────────────────────────────────
TOTAL: 23.155 ms
